MeshAnim
1
29
33
30
5.960464E-08 -0.999994 0.003489226 0
-0.1653802 0.003441095 0.9862239 0
-0.9862299 -0.0005771816 -0.1653793 0
0.003549283 0.1109117 -0.0125085 1

0.414267 0.9094083 -0.03687106 0
-0.5634205 0.2880519 0.7743277 0
0.7148007 -0.3000045 0.6317098 0
-0.02852406 0.1142674 -0.008657995 1

-0.3999968 0.8743913 -0.2746688 0
0.2810759 0.4022789 0.8713026 0
0.8723526 0.2713156 -0.4066804 0
0.02954405 0.1143016 0.001079352 1

-0.005742976 -0.9999708 -0.005130406 0
-0.1657831 -0.004107476 0.9861542 0
-0.9861456 0.006513916 -0.1657546 0
0.00184928 0.1197814 -0.002401548 1

-1.925481E-08 -0.999994 0.003489696 0
-0.1653633 0.003441582 0.9862268 0
-0.9862328 -0.0005771225 -0.1653624 0
0.003549283 0.1109117 -0.0125085 1

-0.191389 0.9394503 0.2842596 0
-0.5578631 -0.3424041 0.7560083 0
0.807564 -0.01388619 0.5896171 0
-0.05944259 0.04639432 -0.005906072 1

-0.02092114 -0.9953048 0.09450734 0
-0.1643582 0.09666579 0.9816534 0
-0.9861789 0.005004173 -0.1656089 0
0.002237351 0.1873526 -0.002054871 1

-0.001561898 0.9946539 0.1032571 0
0.3752897 -0.09512697 0.9220135 0
0.926906 0.04019148 -0.3731344 0
0.05976769 0.0482332 0.0218334 1

-0.02092113 -0.9953042 0.09450728 0
-0.1643582 0.09666573 0.9816528 0
-0.9861789 0.005004173 -0.1656089 0
0.00348578 0.2467455 -0.007694412 1

0.3948499 0.4852082 -0.7801715 0
-0.1640652 0.8727583 0.4597556 0
0.9039779 -0.05353531 0.4242142 0
-0.0531702 0.0156057 -0.01522212 1

-0.2291463 0.4857488 -0.8435288 0
0.06785468 0.8724503 0.4839701 0
0.9710237 0.05366261 -0.2328787 0
0.05981885 0.01564463 0.01845034 1

-0.191389 0.9394503 0.2842595 0
-0.5578631 -0.342404 0.7560083 0
0.807564 -0.01388616 0.5896171 0
-0.05944259 0.04639431 -0.005906074 1

-0.001560833 0.9946553 0.1032558 0
0.3752885 -0.09512602 0.9220138 0
0.9269055 0.04018979 -0.373133 0
0.05976767 0.04823324 0.02183336 1

-0.02092114 -0.9953048 0.09450734 0
-0.1643582 0.09666579 0.9816534 0
-0.9861789 0.005004173 -0.1656089 0
0.002237351 0.1873526 -0.002054871 1

0.9312639 0.346654 0.112156 0
-0.1549919 0.09833445 0.9830096 0
0.3297354 -0.9328243 0.145304 0
-0.03604 0.2359931 -0.005672912 1

-0.04764843 -0.9651455 0.25734 0
-0.16035 0.2616821 0.9517409 0
-0.9859095 0.004084421 -0.1672299 0
0.004652904 0.2462144 -0.01466054 1

-0.9173027 0.3455726 -0.1978264 0
-0.1741993 0.09847837 0.9797738 0
0.3580646 0.9332103 -0.030136 0
0.04007506 0.2356068 0.007109081 1

-0.02092114 -0.9953048 0.09450734 0
-0.1643583 0.09666581 0.9816535 0
-0.986179 0.005004174 -0.1656089 0
0.001542146 -0.005218543 -0.003734011 1

0.0005773007 -0.9981561 -0.06069489 0
-0.165379 -0.05995448 0.9844062 0
-0.98623 0.00946929 -0.1651088 0
0.007159608 0.2969891 -0.02819875 1

0.3354935 0.8843927 -0.3244895 0
0.1773966 0.2789799 0.9437695 0
0.9251889 -0.3741917 -0.06329221 0
-0.06651597 0.2246487 -0.009343249 1

-0.7328662 0.6309212 -0.2546484 0
-0.4252459 -0.1325976 0.8953121 0
0.5311057 0.7644319 0.3654729 0
0.0700942 0.2242979 0.01358302 1

-0.0584168 0.04590638 -0.9972361 0
-0.2955957 0.9533504 0.06120181 0
0.9535255 0.2983539 -0.04212178 0
-0.0859718 0.1733612 0.009474477 1

0.3337107 0.4920527 -0.8040654 0
-0.6373861 0.746211 0.1921144 0
0.694533 0.4483892 0.5626462 0
0.1125944 0.1877097 0.02835055 1

0.0005773007 -0.9981561 -0.06069489 0
-0.165379 -0.05995448 0.9844062 0
-0.98623 0.00946929 -0.1651088 0
0.007159608 0.2969891 -0.02819875 1

-0.4344418 0.3287685 -0.8385535 0
-0.5362189 -0.8424454 -0.05248784 0
-0.7236918 0.4268451 0.5422851 0
-0.08245392 0.1705967 0.0695265 1

0.7924234 0.1118505 -0.5996289 0
0.6048119 -0.01648054 0.796198 0
0.07917298 -0.9935883 -0.08070791 0
0.09249885 0.1580788 0.07677007 1

-0.05842106 0.04591028 -0.9972322 0
-0.2955972 0.9533535 0.06120729 0
0.9535246 0.2983547 -0.04212481 0
-0.08597266 0.1733621 0.009473789 1

0.3337082 0.4920564 -0.8040599 0
-0.6373896 0.7462115 0.1921199 0
0.6945324 0.448387 0.5626484 0
0.1125944 0.1877083 0.02835071 1

-0.4344404 0.3287688 -0.8385544 0
-0.5362191 -0.8424452 -0.0524888 0
-0.7236923 0.4268451 0.542284 0
-0.06576554 0.1573636 0.1033658 1

0.3618539 -0.3263274 -0.8732548 0
-0.662791 -0.7487862 0.005171357 0
-0.6555682 0.5769133 -0.4872379 0
-0.0905811 0.1737773 0.08678278 1

0.7924231 0.1118496 -0.5996299 0
0.6048127 -0.01648083 0.7961975 0
0.07917193 -0.9935882 -0.08070765 0
0.06102691 0.1542212 0.1011289 1

0.5165727 -0.8188736 -0.2502004 0
0.613076 0.1497384 0.7757037 0
-0.5977382 -0.5540985 0.5793819 0
0.08381208 0.1734501 0.08465748 1

-0.9713047 -0.0293156 0.2360161 0
0.163219 -0.8039535 0.5718554 0
0.1729825 0.5939708 0.7856722 0
0.0654645 0.1558741 0.08482632 1

0 -0.9999964 0.002716571 0
-0.1653802 0.00267905 0.9862263 0
-0.98623 -0.0004493296 -0.1653795 0
0.003549276 0.1106403 -0.01249211 1

0.4185003 0.9073778 -0.03903431 0
-0.562568 0.292729 0.7731928 0
0.7130044 -0.3016219 0.6329687 0
-0.02852407 0.113993 -0.008639005 1

-0.404424 0.8711195 -0.2785536 0
0.2815478 0.4083668 0.8683131 0
0.8701564 0.2727406 -0.4104151 0
0.02954405 0.1140197 0.001098355 1

-0.005747932 -0.9999681 -0.005631597 0
-0.1657003 -0.004601517 0.9861659 0
-0.9861596 0.006601505 -0.1656684 0
0.001849273 0.1195022 -0.002378304 1

-7.885944E-08 -0.9999964 0.002717041 0
-0.1653632 0.002679534 0.9862292 0
-0.9862329 -0.0004492836 -0.1653626 0
0.003549276 0.1106403 -0.01249211 1

-0.2010184 0.9358047 0.2895888 0
-0.5551929 -0.3523962 0.7533779 0
0.8070647 -0.009334808 0.5903903 0
-0.05975855 0.04627148 -0.005725631 1

-0.02089505 -0.9952539 0.0950467 0
-0.1639661 0.09719145 0.981667 0
-0.9862448 0.004927477 -0.1652185 0
0.002237679 0.1870732 -0.00199776 1

0.008479655 0.9936072 0.1125756 0
0.3768275 -0.1074553 0.9200296 0
0.9262444 0.03462016 -0.3753294 0
0.0601022 0.0481985 0.02214594 1

-0.02089503 -0.9952534 0.09504665 0
-0.163966 0.09719139 0.9816664 0
-0.9862448 0.004927477 -0.1652185 0
0.00348455 0.246463 -0.007669488 1

0.3934771 0.4852376 -0.7808468 0
-0.1633349 0.8727459 0.4600395 0
0.9047087 -0.05347535 0.4226615 0
-0.05317058 0.01560234 -0.01521633 1

-0.2291559 0.485749 -0.8435261 0
0.06786162 0.8724501 0.4839693 0
0.9710209 0.05366135 -0.2328904 0
0.05982436 0.01564423 0.01845757 1

-0.2010185 0.9358047 0.2895887 0
-0.5551931 -0.3523961 0.7533779 0
0.8070647 -0.009334778 0.5903904 0
-0.05975855 0.04627148 -0.005725631 1

0.008480692 0.9936085 0.1125743 0
0.3768263 -0.1074544 0.92003 0
0.9262438 0.03461845 -0.3753281 0
0.06010219 0.04819853 0.02214589 1

-0.02089505 -0.9952539 0.0950467 0
-0.1639661 0.09719145 0.981667 0
-0.9862448 0.004927477 -0.1652185 0
0.002237679 0.1870732 -0.00199776 1

0.9313029 0.3467611 0.1114978 0
-0.1545069 0.09887747 0.9830314 0
0.3298525 -0.9327272 0.145662 0
-0.03604055 0.2357122 -0.0056265 1

-0.04745986 -0.9658965 0.2545419 0
-0.1601732 0.2588905 0.9525337 0
-0.9859475 0.00443626 -0.1669976 0
0.004648894 0.2459282 -0.01463579 1

-0.9173965 0.3454022 -0.1976902 0
-0.1738554 0.09901147 0.9797812 0
0.3579922 0.9332172 -0.03078283 0
0.04007961 0.2353319 0.007125365 1

-0.02089505 -0.9952539 0.0950467 0
-0.1639661 0.09719146 0.9816672 0
-0.9862449 0.004927477 -0.1652185 0
0.00153957 -0.005498812 -0.003573871 1

0.0007134816 -0.9977353 -0.06725694 0
-0.1649494 -0.06645322 0.9840609 0
-0.9863019 0.01039182 -0.1646232 0
0.007145678 0.2967424 -0.02802681 1

0.3365505 0.8904223 -0.3064013 0
0.1688693 0.263038 0.9498916 0
0.9264001 -0.371428 -0.06183939 0
-0.0665178 0.2243643 -0.009275295 1

-0.7346544 0.6297484 -0.2523894 0
-0.4223263 -0.1333488 0.8965817 0
0.5309651 0.7652679 0.3639244 0
0.07010179 0.2240285 0.01359484 1

-0.06010495 0.03626202 -0.9975332 0
-0.303247 0.9514446 0.05285824 0
0.9510147 0.305676 -0.04619009 0
-0.08603494 0.1727272 0.00849347 1

0.3349164 0.4891311 -0.8053458 0
-0.6361403 0.7478931 0.1896874 0
0.6950948 0.4487832 0.5616376 0
0.1127057 0.1875083 0.02823136 1

0.0007134816 -0.9977353 -0.06725694 0
-0.1649494 -0.06645322 0.9840609 0
-0.9863019 0.01039182 -0.1646232 0
0.007145678 0.2967424 -0.02802681 1

-0.434009 0.3287633 -0.8387799 0
-0.5293107 -0.8464509 -0.05788951 0
-0.7290178 0.4188503 0.5413849 0
-0.08241539 0.1705434 0.06856339 1

0.7922011 0.1121746 -0.5998623 0
0.6050197 -0.01581902 0.7960535 0
0.0798078 -0.9935625 -0.08039945 0
0.09253757 0.1580534 0.07672802 1

-0.06010924 0.0362659 -0.9975293 0
-0.3032486 0.9514477 0.05286367 0
0.951014 0.3056767 -0.04619307 0
-0.08603581 0.172728 0.008492772 1

0.3349139 0.4891347 -0.8053402 0
-0.6361439 0.7478937 0.1896929 0
0.6950942 0.448781 0.5616397 0
0.1127057 0.1875069 0.02823154 1

-0.4340078 0.3287637 -0.8387806 0
-0.5293109 -0.846451 -0.05789052 0
-0.7290183 0.4188502 0.5413839 0
-0.06574471 0.1573038 0.1024089 1

0.3675904 -0.319844 -0.8732579 0
-0.656831 -0.7540376 -0.0003094317 0
-0.6583695 0.5736955 -0.4872602 0
-0.09062992 0.1735882 0.08580278 1

0.7922008 0.1121737 -0.5998632 0
0.6050206 -0.0158193 0.796053 0
0.07980671 -0.9935623 -0.08039922 0
0.06107418 0.1541831 0.1010959 1

0.5170503 -0.8186156 -0.250058 0
0.6131691 0.1503985 0.7755022 0
-0.5972297 -0.5543008 0.579713 0
0.0838426 0.1734215 0.0846125 1

-0.971227 -0.02987764 0.2362665 0
0.1638905 -0.8036569 0.5720803 0
0.1727856 0.5943441 0.7854332 0
0.06550667 0.1558335 0.08479168 1

-1.192093E-07 -1 8.940697E-08 0
-0.1653802 0 0.98623 0
-0.9862299 0 -0.1653802 0
0.003549271 0.1104051 -0.01244782 1

0.4222352 0.9056063 -0.03994291 0
-0.561834 0.2960236 0.7724717 0
0.7113792 -0.3037234 0.633792 0
-0.02852407 0.1137474 -0.00858563 1

-0.4083433 0.8683193 -0.2815634 0
0.2808914 0.4130116 0.8663266 0
0.868537 0.27467 -0.4125536 0
0.02954404 0.1137476 0.001151773 1

-0.005761505 -0.999955 -0.007587367 0
-0.1654667 -0.006529682 0.9861943 0
-0.9861986 0.006937311 -0.1654215 0
0.001849269 0.1192395 -0.002309984 1

-1.980687E-07 -1 5.59678E-07 0
-0.1653633 4.768372E-07 0.9862328 0
-0.9862328 8.224532E-12 -0.1653633 0
0.003549271 0.1104051 -0.01244782 1

-0.209962 0.9320786 0.295205 0
-0.5535499 -0.3622082 0.7499256 0
0.8059154 -0.005954802 0.592002 0
-0.06003731 0.04615805 -0.005604442 1

-0.02082044 -0.9951617 0.09602377 0
-0.1628596 0.09813752 0.9817572 0
-0.9864295 0.004802113 -0.1641148 0
0.002238593 0.1868096 -0.00179728 1

0.01717488 0.9923046 0.122628 0
0.3772418 -0.1200129 0.9183061 0
0.9259556 0.03048873 -0.3763996 0
0.06039833 0.04813797 0.02242677 1

-0.02082043 -0.9951611 0.09602372 0
-0.1628595 0.09813746 0.9817566 0
-0.9864295 0.004802113 -0.1641148 0
0.003481012 0.246194 -0.007527313 1

0.393846 0.4858398 -0.7802865 0
-0.1634324 0.8723838 0.4606915 0
0.9045306 -0.05391717 0.4229866 0
-0.05315622 0.01561102 -0.01527921 1

-0.2291695 0.4862068 -0.8432586 0
0.06786936 0.8721874 0.4844415 0
0.9710175 0.05378793 -0.2328769 0
0.05983561 0.01562637 0.01840905 1

-0.209962 0.9320786 0.2952049 0
-0.5535501 -0.3622081 0.7499256 0
0.8059152 -0.005954772 0.5920021 0
-0.06003731 0.04615804 -0.005604442 1

0.017176 0.9923058 0.1226267 0
0.3772406 -0.1200119 0.9183064 0
0.9259551 0.03048705 -0.3763981 0
0.06039831 0.04813801 0.02242673 1

-0.02082044 -0.9951617 0.09602377 0
-0.1628596 0.09813752 0.9817572 0
-0.9864295 0.004802113 -0.1641148 0
0.002238593 0.1868096 -0.00179728 1

0.9314126 0.3469985 0.1098301 0
-0.1531376 0.09987199 0.9831452 0
0.3301809 -0.9325328 0.1461607 0
-0.03604211 0.2354464 -0.005429612 1

-0.04702275 -0.9663835 0.2527686 0
-0.1592472 0.2570646 0.9531833 0
-0.9861182 0.004568482 -0.1659818 0
0.004637509 0.2456524 -0.01449441 1

-0.9176595 0.3450308 -0.197116 0
-0.1728843 0.09997941 0.9798547 0
0.3577877 0.9332513 -0.03209671 0
0.0400923 0.2350758 0.007237068 1

-0.02082044 -0.9951617 0.09602377 0
-0.1628596 0.09813753 0.9817573 0
-0.9864296 0.004802114 -0.1641148 0
0.001532478 -0.005763777 -0.003188079 1

0.000849021 -0.9973618 -0.07258396 0
-0.1637464 -0.07174297 0.9838904 0
-0.9865021 0.01104992 -0.1633754 0
0.007111297 0.2964922 -0.02779213 1

0.3358476 0.8970066 -0.2873767 0
0.1595296 0.2465206 0.9559174 0
0.9283086 -0.3668873 -0.06030573 0
-0.06652295 0.2240907 -0.009023833 1

-0.7356176 0.630787 -0.2469305 0
-0.4172489 -0.1347655 0.8987445 0
0.5336388 0.7641635 0.362331 0
0.07012312 0.2237845 0.01368776 1

-0.05967846 0.02840324 -0.9978136 0
-0.3112112 0.9492443 0.04563393 0
0.9484652 0.3132542 -0.04780982 0
-0.08599932 0.1720718 0.007641659 1

0.3343885 0.4860439 -0.8074316 0
-0.6338196 0.7500336 0.1890032 0
0.6974648 0.4485652 0.5588667 0
0.1127829 0.1872041 0.02800771 1

0.000849021 -0.9973618 -0.07258396 0
-0.1637464 -0.07174297 0.9838904 0
-0.9865021 0.01104992 -0.1633754 0
0.007111297 0.2964922 -0.02779213 1

-0.4348668 0.3292638 -0.8381391 0
-0.5228372 -0.8501236 -0.06269926 0
-0.7331661 0.410944 0.5418417 0
-0.08240545 0.1703613 0.06772846 1

0.7922071 0.1123728 -0.5998171 0
0.6048808 -0.01446289 0.7961848 0
0.08079451 -0.9935609 -0.07942946 0
0.09264652 0.1579351 0.07662996 1

-0.0596828 0.02840711 -0.9978099 0
-0.3112128 0.9492472 0.04563938 0
0.9484644 0.3132548 -0.04781282 0
-0.0860002 0.1720726 0.007640959 1

0.3343861 0.4860474 -0.807426 0
-0.6338231 0.7500342 0.1890086 0
0.6974642 0.4485631 0.5588689 0
0.1127829 0.1872027 0.02800788 1

-0.4348656 0.3292642 -0.8381398 0
-0.5228373 -0.8501237 -0.0627002 0
-0.7331666 0.4109439 0.5418407 0
-0.06570034 0.1570952 0.1015466 1

0.371638 -0.3131596 -0.8739671 0
-0.6511563 -0.7589275 -0.00495322 0
-0.6617257 0.5709289 -0.4859621 0
-0.09067535 0.1732671 0.08496538 1

0.7922069 0.1123719 -0.599818 0
0.6048815 -0.01446322 0.7961845 0
0.0807936 -0.9935607 -0.07942916 0
0.06118222 0.1540574 0.1009955 1

0.5178988 -0.8183495 -0.2491716 0
0.6128716 0.1517427 0.7754754 0
-0.5967996 -0.5543274 0.58013 0
0.08393501 0.1733023 0.08449802 1

-0.971243 -0.0306002 0.2361079 0
0.1645652 -0.8029466 0.5728837 0
0.1720525 0.5952669 0.7848951 0
0.06561624 0.1556965 0.08469054 1

-2.384186E-07 -0.9999961 -0.002819717 0
-0.1653803 -0.002780914 0.9862261 0
-0.98623 0.0004664361 -0.1653798 0
0.003549285 0.1102036 -0.01237993 1

0.425397 0.9040619 -0.04135004 0
-0.5609757 0.2992641 0.7718467 0
0.7101718 -0.3051448 0.634463 0
-0.02852406 0.1135349 -0.008508335 1

-0.4120784 0.8654681 -0.2848802 0
0.2807411 0.418052 0.8639544 0
0.8668195 0.2760394 -0.4152426 0
0.02954406 0.1135077 0.001229041 1

-0.00578443 -0.9999412 -0.009229548 0
-0.1651052 -0.00814808 0.9862429 0
-0.986259 0.007228568 -0.1650483 0
0.001849283 0.1190093 -0.002217221 1

-3.172781E-07 -0.9999961 -0.002819247 0
-0.1653634 -0.002780445 0.9862289 0
-0.9862328 0.0004663884 -0.1653628 0
0.003549285 0.1102036 -0.01237993 1

-0.2171637 0.9291494 0.2992014 0
-0.5519239 -0.3696942 0.747467 0
0.8051217 -0.002813697 0.5931041 0
-0.06027328 0.04606088 -0.005422128 1

-0.02070695 -0.9948817 0.09890673 0
-0.1611449 0.1009556 0.9817545 0
-0.9867136 0.004390693 -0.1624105 0
0.002240155 0.1865785 -0.001593551 1

0.02612876 0.9910183 0.1311514 0
0.3780191 -0.1312494 0.9164472 0
0.9254289 0.02563218 -0.3780529 0
0.06068057 0.04811351 0.02275465 1

-0.02070694 -0.9948812 0.09890668 0
-0.1611448 0.1009555 0.9817539 0
-0.9867136 0.004390693 -0.1624105 0
0.003475802 0.2459462 -0.007495618 1

0.393948 0.4851159 -0.7806852 0
-0.1633046 0.8727993 0.4599488 0
0.9045094 -0.05370615 0.4230591 0
-0.05315617 0.01560985 -0.01522786 1

-0.2291442 0.4860517 -0.8433549 0
0.06795727 0.872282 0.4842588 0
0.9710171 0.05365299 -0.2329087 0
0.05982448 0.01564404 0.01845767 1

-0.2171637 0.9291495 0.2992013 0
-0.551924 -0.3696941 0.747467 0
0.8051217 -0.002813668 0.5931042 0
-0.06027328 0.04606087 -0.005422128 1

0.02612982 0.9910196 0.1311501 0
0.3780179 -0.1312483 0.9164476 0
0.9254282 0.02563051 -0.3780516 0
0.06068055 0.04811355 0.02275461 1

-0.02070695 -0.9948817 0.09890673 0
-0.1611449 0.1009556 0.9817545 0
-0.9867136 0.004390693 -0.1624105 0
0.002240155 0.1865785 -0.001593551 1

0.9315807 0.3475032 0.1067679 0
-0.1510157 0.1027671 0.9831752 0
0.3306841 -0.9320304 0.1482144 0
-0.0360442 0.235207 -0.005298379 1

-0.04638328 -0.9662514 0.2533908 0
-0.1576782 0.2575656 0.9533089 0
-0.9864007 0.004263264 -0.1643037 0
0.004620139 0.2453846 -0.01446314 1

-0.9180645 0.3441921 -0.1966969 0
-0.1713776 0.1028283 0.9798247 0
0.3574739 0.9332516 -0.03541622 0
0.04011215 0.2348681 0.007236758 1

-0.02070695 -0.9948817 0.09890673 0
-0.1611449 0.1009556 0.9817546 0
-0.9867137 0.004390693 -0.1624105 0
0.001521226 -0.005998038 -0.002432142 1

0.0009660988 -0.9971641 -0.07525098 0
-0.1618844 -0.07441445 0.9840002 0
-0.9868093 0.01123119 -0.1614973 0
0.007060286 0.2962175 -0.02779359 1

0.3334897 0.9035335 -0.2690946 0
0.1505448 0.2307337 0.9613005 0
0.9306562 -0.3610945 -0.05907486 0
-0.06653053 0.2238348 -0.008792389 1

-0.7358119 0.6333462 -0.239695 0
-0.4103597 -0.1354534 0.9018079 0
0.538689 0.7619219 0.359568 0
0.07015619 0.2236043 0.01367373 1

-0.05919869 0.02106214 -0.9980242 0
-0.3190168 0.94695 0.03890701 0
0.9458984 0.3206897 -0.04933886 0
-0.08587017 0.1714373 0.006812891 1

0.332607 0.4815474 -0.8108544 0
-0.6305498 0.7529134 0.1884899 0
0.70127 0.4485909 0.5540638 0
0.1128272 0.1868755 0.02757408 1

0.0009660988 -0.9971641 -0.07525098 0
-0.1618844 -0.07441445 0.9840002 0
-0.9868093 0.01123119 -0.1614973 0
0.007060286 0.2962175 -0.02779359 1

-0.4344416 0.3287689 -0.8385536 0
-0.5172725 -0.8532309 -0.06653272 0
-0.7373533 0.4048559 0.5407419 0
-0.08230518 0.1701689 0.06691237 1

0.7918546 0.1120073 -0.6003507 0
0.6051162 -0.01115454 0.7960591 0
0.08246777 -0.9936445 -0.07660994 0
0.09279817 0.1578773 0.07640246 1

-0.05920305 0.02106605 -0.9980204 0
-0.3190184 0.9469533 0.03891241 0
0.9458978 0.3206904 -0.0493419 0
-0.08587105 0.1714381 0.006812181 1

0.3326046 0.481551 -0.810849 0
-0.6305534 0.7529139 0.1884954 0
0.7012693 0.4485887 0.5540659 0
0.1128272 0.1868741 0.02757427 1

-0.4344406 0.3287694 -0.8385544 0
-0.5172726 -0.8532309 -0.06653365 0
-0.7373539 0.4048557 0.5407407 0
-0.06561732 0.1569175 0.1007448 1

0.3762047 -0.3084594 -0.8736847 0
-0.6463358 -0.7630008 -0.008927432 0
-0.6638676 0.5680512 -0.4864126 0
-0.09064447 0.1729762 0.08413216 1

0.7918543 0.1120063 -0.6003515 0
0.605117 -0.01115484 0.7960585 0
0.08246674 -0.9936444 -0.07660971 0
0.06134702 0.1540157 0.1007875 1

0.5192273 -0.8181745 -0.2469709 0
0.6128184 0.1550046 0.7748723 0
-0.595699 -0.5536826 0.5818745 0
0.08406255 0.173252 0.08422889 1

-0.9711263 -0.03158057 0.2364577 0
0.1660866 -0.8010229 0.5751328 0
0.1712458 0.5978017 0.7831432 0
0.06577387 0.1556157 0.08447675 1

0 -0.9999743 -0.007151723 0
-0.1653802 -0.007053137 0.9862046 0
-0.9862298 0.001182795 -0.1653759 0
0.003549274 0.1100331 -0.01229275 1

0.4280535 0.9027841 -0.04184631 0
-0.560024 0.3013068 0.771743 0
0.709326 -0.3069123 0.6345562 0
-0.02852406 0.1133476 -0.008406755 1

-0.4154705 0.8630437 -0.2872969 0
0.2801079 0.4218911 0.8622919 0
0.8654037 0.2777826 -0.4170288 0
0.02954404 0.1132782 0.001330397 1

-0.005817063 -0.9999108 -0.01204302 0
-0.1646376 -0.01092112 0.9862941 0
-0.9863369 0.007720104 -0.1645593 0
0.001849271 0.1187947 -0.002091993 1

-7.885945E-08 -0.9999743 -0.007151253 0
-0.1653633 -0.00705268 0.9862074 0
-0.9862326 0.001182673 -0.165359 0
0.003549274 0.1100331 -0.01229275 1

-0.2228332 0.9265125 0.3031835 0
-0.5503857 -0.3762636 0.7453198 0
0.8046252 -0.0007858188 0.5937833 0
-0.06047155 0.04596893 -0.00528351 1

-0.02056102 -0.9945796 0.1019273 0
-0.1589253 0.103904 0.9818084 0
-0.9870764 0.003988201 -0.1602001 0
0.002242349 0.1863619 -0.001278208 1

0.03395394 0.9895943 0.1398211 0
0.3782868 -0.1422181 0.9146982 0
0.925065 0.02183476 -0.3791794 0
0.06093686 0.04806721 0.02303862 1

-0.02056101 -0.9945791 0.1019272 0
-0.1589252 0.1039039 0.9818078 0
-0.9870764 0.003988201 -0.1602001 0
0.003469288 0.2457115 -0.007360519 1

0.3936403 0.4851691 -0.780807 0
-0.1633262 0.8727797 0.459978 0
0.9046391 -0.05353948 0.422802 0
-0.05316863 0.01560432 -0.01521975 1

-0.2292028 0.4857505 -0.8435121 0
0.0678889 0.8724489 0.4839672 0
0.9710078 0.05366144 -0.2329445 0
0.05982439 0.01564439 0.01845759 1

-0.2228332 0.9265125 0.3031833 0
-0.5503858 -0.3762635 0.7453198 0
0.8046252 -0.0007857895 0.5937834 0
-0.06047155 0.04596892 -0.00528351 1

0.03395507 0.9895958 0.1398198 0
0.3782856 -0.1422172 0.9146985 0
0.9250644 0.02183307 -0.3791781 0
0.06093685 0.04806725 0.02303858 1

-0.02056102 -0.9945796 0.1019273 0
-0.1589253 0.103904 0.9818084 0
-0.9870764 0.003988201 -0.1602001 0
0.002242349 0.1863619 -0.001278208 1

0.9317925 0.3480563 0.1030505 0
-0.1482689 0.1058146 0.9832698 0
0.3313291 -0.9314826 0.1502031 0
-0.03604648 0.2349822 -0.005042175 1

-0.04558125 -0.9659621 0.2546351 0
-0.1555713 0.2586542 0.9533602 0
-0.9867724 0.003841474 -0.1620658 0
0.004597884 0.245129 -0.01432888 1

-0.918584 0.3432581 -0.1959012 0
-0.1694243 0.1058171 0.9798459 0
0.3570698 0.933261 -0.03904559 0
0.04013786 0.2346744 0.007322358 1

-0.02056102 -0.9945796 0.1019273 0
-0.1589253 0.103904 0.9818085 0
-0.9870765 0.003988201 -0.1602001 0
0.001506645 -0.006216235 -0.001539388 1

0.001054531 -0.9970245 -0.07707626 0
-0.1594756 -0.07625739 0.9842522 0
-0.9872012 0.0112539 -0.1590815 0
0.006995836 0.2959467 -0.0277248 1

0.3296266 0.9103191 -0.2503294 0
0.1414665 0.2145311 0.9664178 0
0.9334524 -0.3539704 -0.05806448 0
-0.06653976 0.2235919 -0.008414533 1

-0.7352831 0.6375191 -0.2300609 0
-0.4018344 -0.1367068 0.9054501 0
0.5457909 0.7582083 0.3566954 0
0.0701989 0.2234412 0.01373329 1

-0.05756366 0.01526602 -0.998225 0
-0.3267682 0.9445179 0.0332882 0
0.9433499 0.3281042 -0.04938136 0
-0.08565536 0.170801 0.006102527 1

0.3287413 0.4772643 -0.8149524 0
-0.6267296 0.7557706 0.1897909 0
0.7064976 0.4483625 0.5475689 0
0.1128393 0.1864703 0.02707495 1

0.001054531 -0.9970245 -0.07707626 0
-0.1594756 -0.07625739 0.9842522 0
-0.9872012 0.0112539 -0.1590815 0
0.006995836 0.2959467 -0.0277248 1

-0.4340434 0.3293321 -0.8385385 0
-0.5125673 -0.8557252 -0.07076806 0
-0.7408649 0.399091 0.5402269 0
-0.08218884 0.1698816 0.0662141 1

0.7922296 0.1115842 -0.5999342 0
0.6043597 -0.007517015 0.7966757 0
0.08438687 -0.993726 -0.07339223 0
0.09304298 0.15773 0.0761501 1

-0.0575681 0.01526986 -0.9982213 0
-0.3267698 0.9445212 0.03329356 0
0.9433491 0.3281049 -0.04938439 0
-0.08565623 0.1708017 0.006101811 1

0.328739 0.4772681 -0.8149469 0
-0.6267331 0.7557713 0.1897964 0
0.7064969 0.4483602 0.5475709 0
0.1128393 0.1864689 0.02707513 1

-0.4340422 0.3293325 -0.8385394 0
-0.5125675 -0.8557253 -0.07076899 0
-0.7408655 0.399091 0.5402257 0
-0.06551711 0.1566029 0.1000438 1

0.3800588 -0.3034694 -0.8737638 0
-0.6422536 -0.766378 -0.01318649 0
-0.6656312 0.5661887 -0.4861731 0
-0.09058669 0.1725857 0.08342195 1

0.7922294 0.1115833 -0.5999352 0
0.6043606 -0.007517335 0.7966753 0
0.08438586 -0.9937258 -0.07339193 0
0.06157532 0.153887 0.1005167 1

0.5209856 -0.8179829 -0.2438834 0
0.611774 0.1585883 0.7749721 0
-0.5952366 -0.5529499 0.5830427 0
0.08427124 0.1731131 0.08391948 1

-0.9712956 -0.03263984 0.2356157 0
0.1670129 -0.7988933 0.5778196 0
0.1693725 0.6005874 0.7814168 0
0.06601512 0.1554437 0.0842053 1

-2.384186E-07 -0.9999252 -0.01223829 0
-0.1653802 -0.01206982 0.9861561 0
-0.98623 0.002024144 -0.1653678 0
0.003549284 0.109891 -0.01219057 1

0.430245 0.9017335 -0.04202916 0
-0.5589099 0.3026566 0.7720226 0
0.7088789 -0.3086683 0.6342041 0
-0.02852406 0.1131857 -0.008287765 1

-0.4183612 0.8609157 -0.2894796 0
0.278735 0.4250253 0.8611971 0
0.8644543 0.2796034 -0.4177813 0
0.02954406 0.1130668 0.001448911 1

-0.005859544 -0.9998655 -0.01534684 0
-0.1640858 -0.0141778 0.9863448 0
-0.9864288 0.008297659 -0.1639805 0
0.001849283 0.1186006 -0.001945375 1

-3.17278E-07 -0.9999252 -0.01223782 0
-0.1653633 -0.01206938 0.986159 0
-0.9862329 0.002023937 -0.1653509 0
0.003549284 0.109891 -0.01219057 1

-0.2282068 0.9237858 0.3074763 0
-0.5488694 -0.3829092 0.7430501 0
0.8041548 0.0008048131 0.5944203 0
-0.0606351 0.04588547 -0.005150873 1

-0.02039132 -0.9942136 0.1054723 0
-0.1563048 0.1073671 0.9818566 0
-0.9874985 0.003535448 -0.1575896 0
0.002245231 0.1861647 -0.0009083403 1

0.04097236 0.9880202 0.1487888 0
0.3779579 -0.1531746 0.9130638 0
0.9249157 0.01882559 -0.3797056 0
0.0611553 0.04801659 0.02332206 1

-0.02039131 -0.9942131 0.1054723 0
-0.1563047 0.1073671 0.981856 0
-0.9874985 0.003535448 -0.1575896 0
0.003462044 0.2454925 -0.007202198 1

0.3939691 0.4851163 -0.7806739 0
-0.163317 0.8727989 0.4599451 0
0.9044977 -0.05370673 0.4230834 0
-0.05315608 0.01561022 -0.0152278 1

-0.2296714 0.4855532 -0.8434984 0
0.06785586 0.8725457 0.4837977 0
0.9708997 0.05387817 -0.233346 0
0.05981288 0.01564536 0.01844721 1

-0.2282068 0.9237859 0.3074762 0
-0.5488696 -0.3829091 0.74305 0
0.8041547 0.0008048713 0.5944204 0
-0.0606351 0.04588546 -0.005150872 1

0.04097346 0.9880214 0.1487875 0
0.3779567 -0.1531736 0.9130641 0
0.9249151 0.01882386 -0.3797042 0
0.06115528 0.04801662 0.02332201 1

-0.02039132 -0.9942136 0.1054723 0
-0.1563048 0.1073671 0.9818566 0
-0.9874985 0.003535448 -0.1575896 0
0.002245231 0.1861647 -0.0009083403 1

0.9320364 0.3486734 0.09866816 0
-0.1450261 0.1093949 0.9833617 0
0.3320782 -0.9308382 0.1525268 0
-0.03604853 0.2347758 -0.004741206 1

-0.04465755 -0.9654262 0.2568231 0
-0.1530312 0.2606562 0.9532261 0
-0.9872119 0.003266736 -0.1593806 0
0.004572056 0.2448855 -0.01417145 1

-0.9191899 0.3421788 -0.1949461 0
-0.1671144 0.1093272 0.9798573 0
0.3565993 0.9332531 -0.04330951 0
0.0401684 0.234503 0.007421844 1

-0.02039132 -0.9942136 0.1054723 0
-0.1563048 0.1073671 0.9818567 0
-0.9874986 0.003535448 -0.1575896 0
0.00148923 -0.006413043 -0.000491525 1

0.001106479 -0.9969749 -0.0777159 0
-0.1566341 -0.07692961 0.9846563 0
-0.9876562 0.01108339 -0.1562454 0
0.006921416 0.2956749 -0.02768248 1

0.325121 0.9168167 -0.2318262 0
0.1328931 0.1984174 0.9710665 0
0.9362886 -0.346522 -0.05732877 0
-0.06654979 0.2233654 -0.007970151 1

-0.7340714 0.6428653 -0.2187778 0
-0.3921033 -0.1382224 0.9094777 0
0.5544317 0.7534047 0.3535346 0
0.07024927 0.2233051 0.01380152 1

-0.05530073 0.01163088 -0.9984022 0
-0.3340319 0.9421006 0.02947671 0
0.9409384 0.3351283 -0.04821363 0
-0.0854041 0.1701976 0.00547388 1

0.3239113 0.4727285 -0.8195179 0
-0.6223148 0.758906 0.1917977 0
0.7126053 0.4478723 0.540004 0
0.1128194 0.1860242 0.02648885 1

0.001106479 -0.9969749 -0.0777159 0
-0.1566341 -0.07692961 0.9846563 0
-0.9876562 0.01108339 -0.1562454 0
0.006921416 0.2956749 -0.02768248 1

-0.4342228 0.3285789 -0.8387414 0
-0.5078435 -0.8583221 -0.07333548 0
-0.7440068 0.394105 0.5395694 0
-0.08207385 0.1694971 0.06559612 1

0.7924042 0.1110076 -0.5998113 0
0.6038137 -0.003090147 0.7971195 0
0.08663303 -0.9938145 -0.06947627 0
0.09331395 0.1575571 0.07583894 1

-0.05530521 0.01163473 -0.9983984 0
-0.3340336 0.9421037 0.02948204 0
0.9409376 0.3351289 -0.04821663 0
-0.08540498 0.1701984 0.005473159 1

0.323909 0.4727323 -0.8195124 0
-0.6223182 0.7589067 0.1918032 0
0.7126045 0.44787 0.5400061 0
0.1128194 0.1860228 0.02648904 1

-0.4342216 0.3285794 -0.8387422 0
-0.5078437 -0.8583221 -0.07333643 0
-0.7440073 0.3941051 0.5395684 0
-0.06539491 0.1562444 0.09943241 1

0.3833216 -0.2997897 -0.8736091 0
-0.6381149 -0.7697785 -0.01583253 0
-0.6677384 0.5635306 -0.4863727 0
-0.09051844 0.1721239 0.08279306 1

0.7924039 0.1110067 -0.5998122 0
0.6038145 -0.003090554 0.7971191 0
0.08663192 -0.9938145 -0.06947602 0
0.06183767 0.1537389 0.1001984 1

0.5229627 -0.817769 -0.2403443 0
0.6108762 0.1629457 0.7747765 0
-0.5944249 -0.551999 0.58477 0
0.08450276 0.1729507 0.08354244 1

-0.9713873 -0.03387322 0.2350646 0
0.1683697 -0.7962749 0.5810322 0
0.1674951 0.6039875 0.7791981 0
0.06628549 0.1552422 0.08388413 1

-3.576279E-07 -0.9998406 -0.01786396 0
-0.1653803 -0.01761806 0.9860727 0
-0.98623 0.002954543 -0.165354 0
0.003549271 0.1097748 -0.01207772 1

0.4320431 0.9008793 -0.04190688 0
-0.557803 0.3034463 0.772513 0
0.7086573 -0.3103831 0.633615 0
-0.02852408 0.1130476 -0.008156443 1

-0.4211302 0.8590026 -0.2911436 0
0.2777201 0.4277027 0.860199 0
0.8634359 0.2813994 -0.4186806 0
0.02954404 0.1128738 0.00157942 1

-0.005911379 -0.9998025 -0.01900201 0
-0.1634726 -0.01778067 0.9863882 0
-0.9865304 0.008937058 -0.1633352 0
0.00184927 0.1184267 -0.001783682 1

-4.364874E-07 -0.9998406 -0.01786349 0
-0.1653633 -0.01761763 0.9860755 0
-0.9862329 0.00295424 -0.1653371 0
0.003549271 0.1097748 -0.01207772 1

-0.2323023 0.9215134 0.3112064 0
-0.5475035 -0.3883437 0.7412354 0
0.8039135 0.00180407 0.594745 0
-0.06076931 0.04581103 -0.005028676 1

-0.02020537 -0.9937939 0.109391 0
-0.1533886 0.1111991 0.98189 0
-0.9879595 0.003059949 -0.1546835 0
0.00224872 0.1859865 -0.0004996555 1

0.04699869 0.9865932 0.1562881 0
0.3776417 -0.1623982 0.9115998 0
0.9247583 0.01617712 -0.3802107 0
0.06136451 0.04796817 0.02357829 1

-0.02020536 -0.9937934 0.1093909 0
-0.1533886 0.1111991 0.9818894 0
-0.9879595 0.003059949 -0.1546835 0
0.003454437 0.2452893 -0.007027351 1

0.3939782 0.4851171 -0.7806692 0
-0.1633226 0.872799 0.4599436 0
0.9044929 -0.05370674 0.4230942 0
-0.05315607 0.01561026 -0.01522785 1

-0.2291998 0.4860539 -0.8433385 0
0.06799142 0.872281 0.4842561 0
0.9710018 0.05365168 -0.2329736 0
0.05982464 0.0156437 0.01845774 1

-0.2323023 0.9215134 0.3112063 0
-0.5475036 -0.3883435 0.7412354 0
0.8039134 0.001804098 0.5947451 0
-0.06076931 0.04581102 -0.005028677 1

0.04699979 0.9865946 0.1562868 0
0.3776404 -0.1623972 0.9116001 0
0.9247577 0.01617539 -0.3802094 0
0.06136449 0.04796821 0.02357825 1

-0.02020537 -0.9937939 0.109391 0
-0.1533886 0.1111991 0.98189 0
-0.9879595 0.003059949 -0.1546835 0
0.00224872 0.1859865 -0.0004996555 1

0.9322987 0.349316 0.09379777 0
-0.141416 0.1133578 0.9834387 0
0.332898 -0.9301229 0.1550824 0
-0.03605005 0.2345877 -0.004408037 1

-0.04364873 -0.9646885 0.2597523 0
-0.1501665 0.2633812 0.9529327 0
-0.9876969 0.002588058 -0.1563602 0
0.00454377 0.244655 -0.01399744 1

-0.9198545 0.3410058 -0.1938637 0
-0.1645394 0.1132102 0.9798523 0
0.3560828 0.9332197 -0.04802809 0
0.04020246 0.2343515 0.007530719 1

-0.02020537 -0.9937939 0.109391 0
-0.1533887 0.1111992 0.9818901 0
-0.9879596 0.003059949 -0.1546835 0
0.001469574 -0.006588109 0.0006669983 1

0.00111969 -0.9970022 -0.07736599 0
-0.1534736 -0.07662094 0.9851779 0
-0.9881523 0.01077038 -0.1530994 0
0.006840057 0.2954057 -0.02766256 1

0.3186364 0.923465 -0.2137367 0
0.1243896 0.1828022 0.9752491 0
0.93968 -0.3373363 -0.05662181 0
-0.06655989 0.2231562 -0.007477595 1

-0.7322358 0.6490673 -0.20626 0
-0.3814157 -0.1399171 0.9137535 0
0.5642282 0.7477536 0.3500165 0
0.07030509 0.223192 0.01387497 1

-0.05187022 0.008915169 -0.9986141 0
-0.341478 0.9395267 0.02612466 0
0.9384578 0.3423598 -0.04568885 0
-0.08503814 0.1696028 0.004917389 1

0.3178538 0.4681473 -0.8245043 0
-0.6176254 0.7620243 0.1945713 0
0.7193806 0.4473894 0.5313519 0
0.1127687 0.1855514 0.02583637 1

0.00111969 -0.9970022 -0.07736599 0
-0.1534736 -0.07662094 0.9851779 0
-0.9881523 0.01077038 -0.1530994 0
0.006840057 0.2954057 -0.02766256 1

-0.4341339 0.3284982 -0.8388192 0
-0.5040036 -0.8603443 -0.07607921 0
-0.7466651 0.3897391 0.5390683 0
-0.08191447 0.1690659 0.06505242 1

0.7925606 0.1108361 -0.5996361 0
0.6031792 0.001949009 0.7976034 0
0.08957189 -0.9938368 -0.06530911 0
0.09362807 0.1573602 0.07548673 1

-0.05187472 0.008918987 -0.9986105 0
-0.3414797 0.9395299 0.02612995 0
0.9384569 0.3423605 -0.04569191 0
-0.08503906 0.1696036 0.004916664 1

0.3178516 0.4681511 -0.8244987 0
-0.6176288 0.762025 0.1945769 0
0.7193798 0.4473872 0.5313541 0
0.1127687 0.1855501 0.02583657 1

-0.4341326 0.3284986 -0.8388199 0
-0.5040039 -0.8603444 -0.0760802 0
-0.7466656 0.389739 0.5390674 0
-0.06523914 0.1558128 0.09889033 1

0.3861751 -0.2962646 -0.873555 0
-0.6347584 -0.7724864 -0.01862213 0
-0.6692915 0.5616868 -0.4863712 0
-0.09040112 0.1716194 0.08223967 1

0.7925604 0.1108352 -0.5996372 0
0.60318 0.001948633 0.797603 0
0.08957081 -0.9938366 -0.0653089 0
0.06214344 0.1535511 0.0998368 1

0.525526 -0.81723 -0.2365559 0
0.609778 0.1679112 0.7745815 0
-0.5932907 -0.5513091 0.5865702 0
0.08476608 0.1727598 0.08311974 1

-0.9714738 -0.03572581 0.2344328 0
0.1702123 -0.7933813 0.5844436 0
0.1651156 0.6076775 0.7768336 0
0.06659999 0.155 0.08352 1

-4.768372E-07 -0.9997165 -0.02381232 0
-0.1653799 -0.02348435 0.9859504 0
-0.98623 0.003938586 -0.165333 0
0.003549279 0.1096819 -0.01195848 1

0.4334714 0.9002071 -0.04159518 0
-0.556625 0.3037569 0.7732402 0
0.7087113 -0.3120246 0.6327476 0
-0.02852407 0.1129312 -0.008017786 1

-0.4235864 0.8573322 -0.2924999 0
0.2766908 0.4299198 0.8594249 0
0.8625642 0.2831087 -0.4193241 0
0.02954406 0.1126996 0.001716843 1

-0.005972397 -0.9997211 -0.02286651 0
-0.1628205 -0.02158958 0.98642 0
-0.9866378 0.009614454 -0.162646 0
0.001849282 0.1182723 -0.001613148 1

-5.556965E-07 -0.9997165 -0.02381185 0
-0.165363 -0.02348394 0.9859532 0
-0.9862329 0.003938182 -0.1653161 0
0.003549279 0.1096819 -0.01195848 1

-0.2355552 0.9194902 0.3147254 0
-0.5461994 -0.3931068 0.7396849 0
0.8038539 0.002333794 0.5948233 0
-0.0608759 0.04574487 -0.004913283 1

-0.02001032 -0.9933331 0.1135333 0
-0.1502847 0.1152542 0.9819024 0
-0.9884404 0.002585896 -0.1515889 0
0.002252856 0.1858267 -6.798562E-05 1

0.05295463 0.9850717 0.1637984 0
0.377529 -0.1716034 0.9099585 0
0.9244822 0.01365211 -0.3809801 0
0.06155011 0.04792012 0.02381819 1

-0.02001031 -0.9933326 0.1135332 0
-0.1502846 0.1152541 0.9819018 0
-0.9884404 0.002585896 -0.1515889 0
0.003446933 0.2451019 -0.006842864 1

0.3939873 0.4851169 -0.7806643 0
-0.1633283 0.8727986 0.4599417 0
0.9044878 -0.05370662 0.4231048 0
-0.05315606 0.01561041 -0.01522778 1

-0.2297344 0.4856127 -0.8434471 0
0.06789725 0.8725118 0.4838529 0
0.9708818 0.0538898 -0.2334173 0
0.05981511 0.01564549 0.01845157 1

-0.2355552 0.9194902 0.3147253 0
-0.5461995 -0.3931066 0.7396848 0
0.8038538 0.002333823 0.5948234 0
-0.0608759 0.04574487 -0.004913283 1

0.05295575 0.985073 0.1637972 0
0.3775277 -0.1716025 0.9099588 0
0.9244816 0.01365034 -0.3809788 0
0.0615501 0.04792016 0.02381815 1

-0.02001032 -0.9933331 0.1135333 0
-0.1502847 0.1152542 0.9819024 0
-0.9884404 0.002585896 -0.1515889 0
0.002252856 0.1858267 -6.798562E-05 1

0.9325675 0.3499494 0.0886211 0
-0.1375725 0.1175526 0.9834915 0
0.3337547 -0.9293637 0.1577692 0
-0.03605072 0.2344176 -0.004055486 1

-0.04259182 -0.9637951 0.2632204 0
-0.1470878 0.2666374 0.9525071 0
-0.9882061 0.001852531 -0.1531191 0
0.004514256 0.2444389 -0.01381368 1

-0.9205516 0.3397881 -0.1926894 0
-0.161793 0.1173182 0.9798263 0
0.3555394 0.9331561 -0.05302218 0
0.04023889 0.234218 0.007644421 1

-0.02001032 -0.9933331 0.1135333 0
-0.1502848 0.1152542 0.9819025 0
-0.9884405 0.002585896 -0.1515889 0
0.001448525 -0.006741397 0.001891753 1

0.001095689 -0.9970903 -0.07622053 0
-0.1501104 -0.07552091 0.9857808 0
-0.9886687 0.01036141 -0.1497563 0
0.00675494 0.2951425 -0.02766125 1

0.3112939 0.9298076 -0.1963517 0
0.1160935 0.167862 0.9789509 0
0.9431962 -0.3275365 -0.05569004 0
-0.06656935 0.2229654 -0.006955633 1

-0.7298576 0.6558123 -0.1929207 0
-0.370133 -0.1418494 0.9180852 0
0.5747259 0.7414775 0.3462675 0
0.07036432 0.2230984 0.01395024 1

-0.04729516 0.007022383 -0.9988564 0
-0.3486273 0.9369769 0.02309455 0
0.9360678 0.3493206 -0.04186618 0
-0.08462182 0.1690442 0.004431154 1

0.3106345 0.4639161 -0.8296313 0
-0.6128326 0.7649329 0.1982781 0
0.7265968 0.4468326 0.5219172 0
0.1126901 0.1850666 0.02513807 1

0.001095689 -0.9970903 -0.07622053 0
-0.1501104 -0.07552091 0.9857808 0
-0.9886687 0.01036141 -0.1497563 0
0.00675494 0.2951425 -0.02766125 1

-0.4344424 0.3287684 -0.8385534 0
-0.5007547 -0.8620192 -0.07853483 0
-0.748669 0.3857904 0.5391297 0
-0.08177365 0.1686212 0.06458075 1

0.7926441 0.1099433 -0.5996904 0
0.60267 0.007492444 0.7979555 0
0.0922232 -0.9939095 -0.0603205 0
0.09398413 0.1571302 0.07509718 1

-0.04729971 0.007026147 -0.9988525 0
-0.348629 0.9369801 0.02309985 0
0.936067 0.3493212 -0.04186924 0
-0.0846227 0.169045 0.004430427 1

0.3106324 0.46392 -0.8296258 0
-0.6128359 0.7649335 0.1982838 0
0.7265961 0.4468304 0.5219194 0
0.1126901 0.1850653 0.02513828 1

-0.4344411 0.3287687 -0.8385542 0
-0.500755 -0.8620191 -0.07853583 0
-0.7486696 0.3857904 0.5391285 0
-0.06508584 0.1553542 0.09840705 1

0.3881953 -0.2928966 -0.8737953 0
-0.6318929 -0.7747706 -0.02102331 0
-0.6708326 0.5603054 -0.485841 0
-0.09028797 0.1711053 0.0817645 1

0.7926438 0.1099424 -0.5996913 0
0.6026707 0.007492075 0.797955 0
0.09222219 -0.9939094 -0.06032025 0
0.06249431 0.1533592 0.09944647 1

0.5278198 -0.8170089 -0.2321731 0
0.6088473 0.1733552 0.7741142 0
-0.5922096 -0.5499499 0.5889336 0
0.08507691 0.1725441 0.0826482 1

-0.9715239 -0.03711658 0.2340085 0
0.1719277 -0.7900214 0.588479 0
0.1630301 0.6119566 0.7739094 0
0.06695729 0.1547388 0.0831254 1

-4.768372E-07 -0.9995539 -0.02986765 0
-0.1653802 -0.02945626 0.9857899 0
-0.9862299 0.004939914 -0.1653063 0
0.003549283 0.1096096 -0.01183715 1

0.4345971 0.8996868 -0.04109864 0
-0.5554901 0.3036924 0.7740812 0
0.708912 -0.3135835 0.6317509 0
-0.02852406 0.112835 -0.007876853 1

-0.4257376 0.8558939 -0.2935864 0
0.2754669 0.4316563 0.8589475 0
0.8618963 0.284813 -0.4195428 0
0.02954405 0.1125444 0.001856207 1

-0.00604031 -0.9996229 -0.02679999 0
-0.1621532 -0.02546662 0.9864374 0
-0.9867471 0.01030401 -0.161938 0
0.001849284 0.1181372 -0.001439973 1

-5.556966E-07 -0.9995539 -0.02986718 0
-0.1653633 -0.02945587 0.9857928 0
-0.9862328 0.004939408 -0.1652894 0
0.003549283 0.1096096 -0.01183715 1

-0.2378255 0.9178593 0.3177629 0
-0.5450087 -0.3968982 0.7385375 0
0.8039933 0.002459681 0.594634 0
-0.06095991 0.04568747 -0.004809408 1

-0.01981223 -0.9928461 0.117749 0
-0.1471037 0.1193851 0.9818904 0
-0.9889227 0.002132046 -0.1484164 0
0.002257447 0.1856849 0.0003709877 1

0.0576309 0.9836931 0.1703728 0
0.3768783 -0.1794659 0.9087105 0
0.9244678 0.01184009 -0.3810753 0
0.06171266 0.04787361 0.02403966 1

-0.01981222 -0.9928455 0.1177489 0
-0.1471036 0.119385 0.9818898 0
-0.9889227 0.002132046 -0.1484164 0
0.003439704 0.2449311 -0.006655455 1

0.3936814 0.4851428 -0.7808025 0
-0.1633364 0.8727943 0.4599468 0
0.9046194 -0.0535389 0.4228441 0
-0.05316566 0.01560646 -0.01522346 1

-0.2292913 0.4857541 -0.843486 0
0.06794102 0.8724468 0.4839634 0
0.9709833 0.05366136 -0.2330469 0
0.05982444 0.01564416 0.01845763 1

-0.2378256 0.9178593 0.3177628 0
-0.5450087 -0.3968981 0.7385375 0
0.8039933 0.002459707 0.5946341 0
-0.06095991 0.04568746 -0.004809408 1

0.05763205 0.9836944 0.1703716 0
0.3768771 -0.179465 0.9087107 0
0.9244672 0.01183835 -0.3810739 0
0.06171264 0.04787365 0.02403961 1

-0.01981223 -0.9928461 0.117749 0
-0.1471037 0.1193851 0.9818904 0
-0.9889227 0.002132046 -0.1484164 0
0.002257447 0.1856849 0.0003709877 1

0.9328315 0.3505462 0.08332454 0
-0.1336329 0.1218271 0.9835144 0
0.334616 -0.9285879 0.1604887 0
-0.03605057 0.2342657 -0.003696329 1

-0.04152234 -0.9627947 0.2670244 0
-0.1439104 0.2702312 0.9519796 0
-0.988719 0.00110075 -0.1497767 0
0.00448447 0.2442387 -0.01362684 1

-0.9212552 0.3385715 -0.1914632 0
-0.1589726 0.1215021 0.979778 0
0.3549883 0.9330628 -0.05811081 0
0.04027627 0.2341012 0.007758721 1

-0.01981223 -0.9928461 0.117749 0
-0.1471037 0.1193851 0.9818906 0
-0.9889228 0.002132046 -0.1484164 0
0.001426961 -0.006873108 0.003138374 1

0.001038916 -0.9972219 -0.07447694 0
-0.1466651 -0.07382355 0.9864275 0
-0.9891856 0.009898277 -0.1463344 0
0.006668892 0.2948897 -0.02767454 1

0.3033282 0.9357383 -0.1799595 0
0.1085971 0.1536796 0.9821351 0
0.9466777 -0.3174523 -0.0550032 0
-0.06657783 0.222794 -0.006423143 1

-0.7270423 0.6628044 -0.1791649 0
-0.3585424 -0.1439694 0.9223449 0
0.5855401 0.7348217 0.3423152 0
0.07042474 0.2230213 0.01402442 1

-0.0425184 0.006548487 -0.9990744 0
-0.3553007 0.9345104 0.02124618 0
0.9337847 0.3558751 -0.03740718 0
-0.08416837 0.1685289 0.004013035 1

0.3033951 0.4594398 -0.8347853 0
-0.6078718 0.7679781 0.201746 0
0.7337871 0.4462334 0.5122812 0
0.1125872 0.1845841 0.02441452 1

0.001038916 -0.9972219 -0.07447694 0
-0.1466651 -0.07382355 0.9864275 0
-0.9891856 0.009898277 -0.1463344 0
0.006668892 0.2948897 -0.02767454 1

-0.4344415 0.3287691 -0.8385536 0
-0.4979617 -0.8634506 -0.08054423 0
-0.7505299 0.3825755 0.5388331 0
-0.08160783 0.1681344 0.06417576 1

